name: .conda
channels:
  - conda-forge
  - defaults
dependencies:
  - anyio=3.7.1=pyhd8ed1ab_0
  - bzip2=1.0.8=h8ffe710_4
  - ca-certificates=2023.7.22=h56e8100_0
  - certifi=2023.7.22=pyhd8ed1ab_0
  - cffi=1.15.1=py311h7d9ee11_3
  - click=8.1.7=win_pyh7428d3b_0
  - colorama=0.4.6=pyhd8ed1ab_0
  - cryptography=41.0.3=py311h28e9c30_0
  - dnspython=2.4.2=pyhd8ed1ab_0
  - easyprocess=1.1=pyhd8ed1ab_0
  - entrypoint2=1.1=pyhd8ed1ab_0
  - exceptiongroup=1.1.3=pyhd8ed1ab_0
  - freetype=2.12.1=h546665d_1
  - h11=0.14.0=pyhd8ed1ab_0
  - h2=4.1.0=pyhd8ed1ab_0
  - hpack=4.0.0=pyh9f0ad1d_0
  - httpcore=0.17.3=pyhd8ed1ab_0
  - hyperframe=6.0.1=pyhd8ed1ab_0
  - idna=3.4=pyhd8ed1ab_0
  - jeepney=0.8.0=pyhd8ed1ab_0
  - lcms2=2.15=h3e3b177_1
  - lerc=4.0.0=h63175ca_0
  - libdeflate=1.18=hcfcfb64_0
  - libexpat=2.5.0=h63175ca_1
  - libffi=3.4.2=h8ffe710_5
  - libjpeg-turbo=2.1.5.1=hcfcfb64_0
  - libpng=1.6.39=h19919ed_0
  - libprotobuf=3.20.3=h12be248_0
  - libsqlite=3.43.0=hcfcfb64_0
  - libtiff=4.5.1=h6c8260b_1
  - libwebp-base=1.3.1=hcfcfb64_0
  - libxcb=1.15=hcd874cb_0
  - libzlib=1.2.13=hcfcfb64_5
  - m2w64-gcc-libgfortran=5.3.0=6
  - m2w64-gcc-libs=5.3.0=7
  - m2w64-gcc-libs-core=5.3.0=7
  - m2w64-gmp=6.1.0=2
  - m2w64-libwinpthread-git=5.0.0.4634.697f757=2
  - mouseinfo=0.1.3=pyhd8ed1ab_0
  - msys2-conda-epoch=20160418=1
  - mysql-common=8.0.33=hde014ed_2
  - mysql-connector-python=8.0.32=py311hd40f987_0
  - mysql-libs=8.0.33=h8b0d2c3_2
  - openjpeg=2.5.0=ha2aaf27_2
  - openssl=3.1.2=hcfcfb64_0
  - pillow=10.0.0=py311hde623f7_0
  - pip=23.2.1=pyhd8ed1ab_0
  - protobuf=3.20.3=py311h1ea47a8_1
  - pthread-stubs=0.4=hcd874cb_1001
  - pyautogui=0.9.54=py311h1ea47a8_1
  - pycparser=2.21=pyhd8ed1ab_0
  - pygetwindow=0.0.9=py311h1ea47a8_1
  - pymsgbox=1.0.9=pyhd8ed1ab_1
  - pyperclip=1.8.2=pyhd8ed1ab_2
  - pyrect=0.2.0=pyhd8ed1ab_0
  - pyscreenshot=3.1=pyhd8ed1ab_0
  - pyscreeze=0.1.29=pyhd8ed1ab_0
  - python=3.11.5=h2628c8c_0_cpython
  - python-dotenv=1.0.0=pyhd8ed1ab_0
  - python-mss=9.0.1=pyhd8ed1ab_0
  - python-xlib=0.33=pyhd8ed1ab_0
  - python_abi=3.11=3_cp311
  - pytweening=1.0.7=pyhd8ed1ab_0
  - rubicon-objc=0.4.6=pyhd8ed1ab_0
  - setuptools=68.1.2=pyhd8ed1ab_0
  - six=1.16.0=pyh6c4a22f_0
  - sniffio=1.3.0=pyhd8ed1ab_0
  - tk=8.6.12=h8ffe710_0
  - typing_extensions=4.7.1=pyha770c72_0
  - tzdata=2023c=h71feb2d_0
  - ucrt=10.0.22621.0=h57928b3_0
  - vc=14.3=h64f974e_17
  - vc14_runtime=14.36.32532=hfdfe4a8_17
  - vs2015_runtime=14.36.32532=h05e6639_17
  - wheel=0.41.2=pyhd8ed1ab_0
  - xorg-libxau=1.0.11=hcd874cb_0
  - xorg-libxdmcp=1.1.3=hcd874cb_0
  - xz=5.2.6=h8d14728_0
  - zstd=1.5.5=h12be248_0
